partiesfile version 1
139 139
 1 0 0 p_main_party Main_Party 1048576 0 0 27 0 0 0 0 0 17.000000 52.500000 17.000000 52.500000 17.000000 52.500000 0.0 1 0 1 0 0 
0.000000
 1 1 1 p_temp_party temp_party 256 0 0 1 0 0 0 0 0 0.000000 0.000000 0.000000 0.000000 0.000000 0.000000 0.0 0 
0.000000
 1 2 2 p_camp_bandits camp_bandits 256 0 0 2 0 0 0 0 0 1.000000 1.000000 1.000000 1.000000 1.000000 1.000000 0.0 1 3 3 0 0 
0.000000
 1 3 3 p_temp_party_2 temp_party_2 256 0 0 1 0 0 0 0 0 0.000000 0.000000 0.000000 0.000000 0.000000 0.000000 0.0 0 
0.000000
 1 4 4 p_temp_casualties casualties 256 0 0 3 0 0 0 0 0 1.000000 1.000000 1.000000 1.000000 1.000000 1.000000 0.0 0 
0.000000
 1 5 5 p_temp_casualties_2 casualties 256 0 0 3 0 0 0 0 0 1.000000 1.000000 1.000000 1.000000 1.000000 1.000000 0.0 0 
0.000000
 1 6 6 p_temp_casualties_3 casualties 256 0 0 3 0 0 0 0 0 1.000000 1.000000 1.000000 1.000000 1.000000 1.000000 0.0 0 
0.000000
 1 7 7 p_temp_wounded enemies_wounded 256 0 0 3 0 0 0 0 0 1.000000 1.000000 1.000000 1.000000 1.000000 1.000000 0.0 0 
0.000000
 1 8 8 p_temp_killed enemies_killed 256 0 0 3 0 0 0 0 0 1.000000 1.000000 1.000000 1.000000 1.000000 1.000000 0.0 0 
0.000000
 1 9 9 p_main_party_backup _ 256 0 0 3 0 0 0 0 0 1.000000 1.000000 1.000000 1.000000 1.000000 1.000000 0.0 0 
0.000000
 1 10 10 p_encountered_party_backup _ 256 0 0 3 0 0 0 0 0 1.000000 1.000000 1.000000 1.000000 1.000000 1.000000 0.0 0 
0.000000
 1 11 11 p_collective_friends_backup _ 256 0 0 3 0 0 0 0 0 1.000000 1.000000 1.000000 1.000000 1.000000 1.000000 0.0 0 
0.000000
 1 12 12 p_player_casualties _ 256 0 0 3 0 0 0 0 0 1.000000 1.000000 1.000000 1.000000 1.000000 1.000000 0.0 0 
0.000000
 1 13 13 p_enemy_casualties _ 256 0 0 3 0 0 0 0 0 1.000000 1.000000 1.000000 1.000000 1.000000 1.000000 0.0 0 
0.000000
 1 14 14 p_ally_casualties _ 256 0 0 3 0 0 0 0 0 1.000000 1.000000 1.000000 1.000000 1.000000 1.000000 0.0 0 
0.000000
 1 15 15 p_collective_enemy collective_enemy 256 0 0 3 0 0 0 0 0 1.000000 1.000000 1.000000 1.000000 1.000000 1.000000 0.0 0 
0.000000
 1 16 16 p_collective_ally collective_ally 256 0 0 3 0 0 0 0 0 1.000000 1.000000 1.000000 1.000000 1.000000 1.000000 0.0 0 
0.000000
 1 17 17 p_collective_friends collective_ally 256 0 0 3 0 0 0 0 0 1.000000 1.000000 1.000000 1.000000 1.000000 1.000000 0.0 0 
0.000000
 1 18 18 p_town_merc_1 sargoth_mercs 256 0 0 3 0 0 0 0 0 0.000000 0.000000 0.000000 0.000000 0.000000 0.000000 0.0 0 
0.000000
 1 19 19 p_town_merc_2 tihr_mercs 256 0 0 3 0 0 0 0 0 0.000000 0.000000 0.000000 0.000000 0.000000 0.000000 0.0 0 
0.000000
 1 20 20 p_town_merc_3 veluca_mercs 256 0 0 3 0 0 0 0 0 0.000000 0.000000 0.000000 0.000000 0.000000 0.000000 0.0 0 
0.000000
 1 21 21 p_town_merc_4 suno_mercs 256 0 0 3 0 0 0 0 0 0.000000 0.000000 0.000000 0.000000 0.000000 0.000000 0.0 0 
0.000000
 1 22 22 p_town_merc_5 jelkala_mercs 256 0 0 3 0 0 0 0 0 0.000000 0.000000 0.000000 0.000000 0.000000 0.000000 0.0 0 
0.000000
 1 23 23 p_town_merc_6 praven_mercs 256 0 0 3 0 0 0 0 0 0.000000 0.000000 0.000000 0.000000 0.000000 0.000000 0.0 0 
0.000000
 1 24 24 p_town_merc_7 uxkhal_mercs 256 0 0 3 0 0 0 0 0 0.000000 0.000000 0.000000 0.000000 0.000000 0.000000 0.0 0 
0.000000
 1 25 25 p_town_merc_8 reyvadin_mercs 256 0 0 3 0 0 0 0 0 0.000000 0.000000 0.000000 0.000000 0.000000 0.000000 0.0 0 
0.000000
 1 26 26 p_town_merc_9 khudan_mercs 256 0 0 3 0 0 0 0 0 0.000000 0.000000 0.000000 0.000000 0.000000 0.000000 0.0 0 
0.000000
 1 27 27 p_town_merc_10 tulga_mercs 256 0 0 3 0 0 0 0 0 0.000000 0.000000 0.000000 0.000000 0.000000 0.000000 0.0 0 
0.000000
 1 28 28 p_town_merc_11 curaw_mercs 256 0 0 3 0 0 0 0 0 0.000000 0.000000 0.000000 0.000000 0.000000 0.000000 0.0 0 
0.000000
 1 29 29 p_town_merc_12 wercheg_mercs 256 0 0 3 0 0 0 0 0 0.000000 0.000000 0.000000 0.000000 0.000000 0.000000 0.0 0 
0.000000
 1 30 30 p_town_merc_13 rivacheg_mercs 256 0 0 3 0 0 0 0 0 0.000000 0.000000 0.000000 0.000000 0.000000 0.000000 0.0 0 
0.000000
 1 31 31 p_town_merc_14 halmar_mercs 256 0 0 3 0 0 0 0 0 0.000000 0.000000 0.000000 0.000000 0.000000 0.000000 0.0 0 
0.000000
 1 32 32 p_town_merc_15 yalen_mercs 256 0 0 3 0 0 0 0 0 0.000000 0.000000 0.000000 0.000000 0.000000 0.000000 0.0 0 
0.000000
 1 33 33 p_town_merc_16 dhirim_mercs 256 0 0 3 0 0 0 0 0 0.000000 0.000000 0.000000 0.000000 0.000000 0.000000 0.0 0 
0.000000
 1 34 34 p_town_merc_17 ichamur_mercs 256 0 0 3 0 0 0 0 0 0.000000 0.000000 0.000000 0.000000 0.000000 0.000000 0.0 0 
0.000000
 1 35 35 p_town_merc_18 narra_mercs 256 0 0 3 0 0 0 0 0 0.000000 0.000000 0.000000 0.000000 0.000000 0.000000 0.0 0 
0.000000
 1 36 36 p_zendar Zendar 2114627 0 0 3 0 0 0 0 0 -37.970000 -6.210000 -37.970000 -6.210000 -37.970000 -6.210000 0.0 0 
0.000000
 1 37 37 p_town_1 Minas_Tirith 4220020 0 0 3 0 0 0 0 0 -46.870000 19.490000 -46.870000 19.490000 -46.870000 19.490000 0.0 0 
2.967060
 1 38 38 p_town_2 Pelargir 4220001 0 0 3 0 0 0 0 0 -40.480000 59.150000 -40.480000 59.150000 -40.480000 59.150000 0.0 0 
2.967060
 1 39 39 p_town_3 Linhir 4220013 0 0 3 0 0 0 0 0 -18.370000 61.690000 -18.370000 61.690000 -18.370000 61.690000 0.0 0 
2.967060
 1 40 40 p_town_4 Dol_Amroth 4220005 0 0 3 0 0 0 0 0 50.620000 63.070000 50.620000 63.070000 50.620000 63.070000 0.0 0 
2.967060
 1 41 41 p_town_5 Edhellond 4220013 0 0 3 0 0 0 0 0 42.630000 42.620000 42.630000 42.620000 42.630000 42.620000 0.0 0 
2.967060
 1 42 42 p_town_6 Lossarnach 4220013 0 0 3 0 0 0 0 0 -35.060000 30.530000 -35.060000 30.530000 -35.060000 30.530000 0.0 0 
2.967060
 1 43 43 p_town_7 Tarnost 4220001 0 0 3 0 0 0 0 0 18.290000 62.210000 18.290000 62.210000 18.290000 62.210000 0.0 0 
2.967060
 1 44 44 p_town_8 Erech 4220001 0 0 3 0 0 0 0 0 35.330000 4.470000 35.330000 4.470000 35.330000 4.470000 0.0 0 
2.967060
 1 45 45 p_town_9 Pinnath_Gelin 4220013 0 0 3 0 0 0 0 0 57.720000 27.450000 57.720000 27.450000 57.720000 27.450000 0.0 0 
2.967060
 1 46 46 p_town_10 Aldburg 4220030 0 0 3 0 0 0 0 0 14.700000 -14.760000 14.700000 -14.760000 14.700000 -14.760000 0.0 0 
2.967060
 1 47 47 p_town_11 Edoras 4220009 0 0 3 0 0 0 0 0 31.650000 -21.770000 31.650000 -21.770000 31.650000 -21.770000 0.0 0 
2.967060
 1 48 48 p_town_12 Hornburg 4220017 0 0 3 0 0 0 0 0 49.360000 -19.340000 49.360000 -19.340000 49.360000 -19.340000 0.0 0 
2.967060
 1 49 49 p_town_13 East_Emnet 4220030 0 0 3 0 0 0 0 0 -3.820000 -37.070000 -3.820000 -37.070000 -3.820000 -37.070000 0.0 0 
2.967060
 1 50 50 p_town_14 Westfold 4220030 0 0 3 0 0 0 0 0 53.980000 -37.980000 53.980000 -37.980000 53.980000 -37.980000 0.0 0 
2.967060
 1 51 51 p_town_15 West_Emnet 4220030 0 0 3 0 0 0 0 0 33.510000 -50.230000 33.510000 -50.230000 33.510000 -50.230000 0.0 0 
2.967060
 1 52 52 p_town_16 Eastfold 4220030 0 0 3 0 0 0 0 0 -16.050000 -6.200000 -16.050000 -6.200000 -16.050000 -6.200000 0.0 0 
2.967060
 1 53 53 p_town_17 Morannon 4220022 0 0 3 0 0 0 0 0 -81.110000 -43.500000 -81.110000 -43.500000 -81.110000 -43.500000 0.0 0 
2.967060
 1 54 54 p_town_18 Minas_Morgul 4220021 0 0 3 0 0 0 0 0 -69.310000 17.170000 -69.310000 17.170000 -69.310000 17.170000 0.0 0 
2.967060
 1 55 55 p_town_19 East_Osgiliath 4220007 0 0 3 0 0 0 0 0 -61.930000 16.460000 -61.930000 16.460000 -61.930000 16.460000 0.0 0 
2.967060
 1 56 56 p_town_20 Orc_Sentry_Camp 4220029 0 0 3 0 0 0 0 0 -56.090000 27.050000 -56.090000 27.050000 -56.090000 27.050000 0.0 0 
2.967060
 1 57 57 p_town_21 Haradrim_Camp 4220016 0 0 3 0 0 0 0 0 -55.720000 66.130000 -55.720000 66.130000 -55.720000 66.130000 0.0 0 
2.967060
 1 58 58 p_town_22 Dunlander_Camp 4220026 0 0 3 0 0 0 0 0 62.700000 -53.070000 62.700000 -53.070000 62.700000 -53.070000 0.0 0 
2.967060
 1 59 59 p_town_23 Rhun_Camp 4220025 0 0 3 0 0 0 0 0 -58.770000 48.370000 -58.770000 48.370000 -58.770000 48.370000 0.0 0 
2.967060
 1 60 60 p_town_24 Khand_Camp 4220025 0 0 3 0 0 0 0 0 -46.460000 -55.100000 -46.460000 -55.100000 -46.460000 -55.100000 0.0 0 
2.967060
 1 61 61 p_town_25 Corsair_Camp 4220004 0 0 3 0 0 0 0 0 15.700000 64.210000 15.700000 64.210000 15.700000 64.210000 0.0 0 
2.967060
 1 62 62 p_town_26 Isengard 4220019 0 0 3 0 0 0 0 0 73.250000 -70.420000 73.250000 -70.420000 73.250000 -70.420000 0.0 0 
2.967060
 1 63 63 p_town_27 Uruk_Hai_Outpost 4220029 0 0 3 0 0 0 0 0 36.800000 -64.320000 36.800000 -64.320000 36.800000 -64.320000 0.0 0 
2.967060
 1 64 64 p_town_28 Uruk_Hai_Hunting_Camp 4220029 0 0 3 0 0 0 0 0 33.670000 -95.380000 33.670000 -95.380000 33.670000 -95.380000 0.0 0 
2.967060
 1 65 65 p_town_29 Uruk_Hai_River_Camp 4220029 0 0 3 0 0 0 0 0 9.170000 -66.300000 9.170000 -66.300000 9.170000 -66.300000 0.0 0 
2.967060
 1 66 66 p_town_30 Caras_Galadhon 4220014 0 0 3 0 0 0 0 0 0.970000 -160.000000 0.970000 -160.000000 0.970000 -160.000000 0.0 0 
2.967060
 1 67 67 p_town_31 Cerin_Dolen 4219971 0 0 3 0 0 0 0 0 28.580000 -166.840000 28.580000 -166.840000 28.580000 -166.840000 0.0 0 
2.967060
 1 68 68 p_town_32 Cerin_Amroth 4219971 0 0 3 0 0 0 0 0 4.790000 -165.020000 4.790000 -165.020000 4.790000 -165.020000 0.0 0 
2.967060
 1 69 69 p_town_33 Rivendell_Camp 4219976 0 0 3 0 0 0 0 0 25.470000 -179.530000 25.470000 -179.530000 25.470000 -179.530000 0.0 0 
2.967060
 1 70 70 p_town_34 Woodelf_Camp 4219976 0 0 3 0 0 0 0 0 -54.950000 -185.610000 -54.950000 -185.610000 -54.950000 -185.610000 0.0 0 
2.967060
 1 71 71 p_town_35 Dol_Guldur 4220006 0 0 3 0 0 0 0 0 -39.720000 -161.690000 -39.720000 -161.690000 -39.720000 -161.690000 0.0 0 
2.967060
 1 72 72 p_town_36 Moria 4220023 0 0 3 0 0 0 0 0 59.860000 -186.680000 59.860000 -186.680000 59.860000 -186.680000 0.0 0 
2.967060
 1 73 73 p_town_39 Iron_Hill_Dwarf_Camp 4219976 0 0 3 0 0 0 0 0 -93.090000 -366.120000 -93.090000 -366.120000 -93.090000 -366.120000 0.0 0 
2.967060
 1 74 74 p_town_40 Henneth_Annun 4220018 0 0 3 0 0 0 0 0 -66.560000 -21.050000 -66.560000 -21.050000 -66.560000 -21.050000 0.0 0 
2.967060
 1 75 75 p_town_41 Woodsmen_Village 4219971 0 0 3 0 0 0 0 0 -44.080000 -198.040000 -44.080000 -198.040000 -44.080000 -198.040000 0.0 0 
2.967060
 1 76 76 p_town_42 Cair_Andros 4220000 0 0 3 0 0 0 0 0 -56.010000 -1.800000 -56.010000 -1.800000 -56.010000 -1.800000 0.0 0 
2.967060
 1 77 77 p_town_43 Cirith_Ungol 4219998 0 0 3 0 0 0 0 0 -68.760000 19.810000 -68.760000 19.810000 -68.760000 19.810000 0.0 0 
2.967060
 1 78 78 p_town_44 Troll_Cave 4219971 0 0 3 0 0 0 0 0 57.260000 -114.100000 57.260000 -114.100000 57.260000 -114.100000 0.0 0 
2.967060
 1 79 79 p_town_45 Dale 4219971 0 0 3 0 0 0 0 0 -100.260000 -333.530000 -100.260000 -333.530000 -100.260000 -333.530000 0.0 0 
2.967060
 1 80 80 p_town_46 Esgaroth 4219971 0 0 3 0 0 0 0 0 -90.250000 -323.590000 -90.250000 -323.590000 -90.250000 -323.590000 0.0 0 
2.967060
 1 81 81 p_town_47 Erebor 4219971 0 0 3 0 0 0 0 0 -96.080000 -339.500000 -96.080000 -339.500000 -96.080000 -339.500000 0.0 0 
2.967060
 1 82 82 p_town_48 Mt._Gundabad_Orc_Camp 4219976 0 0 3 0 0 0 0 0 -32.490000 -360.320000 -32.490000 -360.320000 -32.490000 -360.320000 0.0 0 
2.967060
 1 83 83 p_town_49 Thranduil's_Halls 4219971 0 0 3 0 0 0 0 0 -48.600000 -331.710000 -48.600000 -331.710000 -48.600000 -331.710000 0.0 0 
2.967060
 1 84 84 p_town_50 West_Osgiliath 4220008 0 0 3 0 0 0 0 0 -58.130000 16.460000 -58.130000 16.460000 -58.130000 16.460000 0.0 0 
2.967060
 1 85 85 p_town_38 Mount_Doom 4219999 0 0 3 0 0 0 0 0 -113.530000 -3.950000 -113.530000 -3.950000 -113.530000 -3.950000 0.0 0 
2.967060
 1 86 86 p_town_37 Barad_Dur 4219997 0 0 3 0 0 0 0 0 -103.550000 -9.550000 -103.550000 -9.550000 -103.550000 -9.550000 0.0 0 
2.967060
 1 87 87 p_mount_doom mount_doom 4736095 0 0 50 0 0 0 0 0 -118.530000 -3.950000 -118.530000 -3.950000 -118.530000 -3.950000 0.0 0 
2.967060
 1 88 88 p_barad_dur barad_dur 4736093 0 0 50 0 0 0 0 0 -109.550000 -9.550000 -109.550000 -9.550000 -109.550000 -9.550000 0.0 0 
2.967060
 1 89 89 p_argonath argonath 541784 0 0 3 0 0 0 0 0 -101.550000 -9.550000 -101.550000 -9.550000 -101.550000 -9.550000 0.0 0 
2.967060
 1 90 90 p_argonath2 argonath 541784 0 0 3 0 0 0 0 0 -101.550000 -9.550000 -101.550000 -9.550000 -101.550000 -9.550000 0.0 0 
2.967060
 1 91 91 p_castle_1 Culmarr_Castle 4215883 0 0 3 0 0 0 0 0 -10.630000 58.810000 -10.630000 58.810000 -10.630000 58.810000 0.0 0 
0.872665
 1 92 92 p_village_1 Yaragar 2114629 0 0 3 0 0 0 0 0 -15.000000 0.000000 -15.000000 0.000000 -15.000000 0.000000 0.0 0 
1.745329
 1 93 93 p_salt_mine Salt_Mine 2114885 0 0 3 0 0 0 0 0 12.830000 -18.220000 12.830000 -18.220000 12.830000 -18.220000 0.0 0 
0.000000
 1 94 94 p_four_ways_inn Four_Ways_Inn 2114885 0 0 3 0 0 0 0 0 -20.750000 -4.490000 -20.750000 -4.490000 -20.750000 -4.490000 0.0 0 
0.000000
 1 95 95 p_test_scene test_scene 2114885 0 0 3 0 0 0 0 0 10.800000 -19.600000 10.800000 -19.600000 10.800000 -19.600000 0.0 0 
0.000000
 1 96 96 p_battlefields battlefields 2114885 0 0 3 0 0 0 0 0 10.800000 -16.600000 10.800000 -16.600000 10.800000 -16.600000 0.0 0 
0.000000
 1 97 97 p_dhorak_keep Dhorak_Keep 2639171 0 0 3 0 0 0 0 0 6.480000 -16.770000 6.480000 -16.770000 6.480000 -16.770000 0.0 0 
0.000000
 1 98 98 p_training_ground Training_Ground 2114903 0 0 3 0 0 0 0 0 8.290000 -12.720000 8.290000 -12.720000 8.290000 -12.720000 0.0 0 
0.000000
 1 99 99 p_training_ground_1 Training_Field 2118743 0 0 3 0 0 0 0 0 44.000000 61.000000 44.000000 61.000000 44.000000 61.000000 0.0 0 
1.745329
 1 100 100 p_training_ground_2 Training_Field 2118743 0 0 3 0 0 0 0 0 -30.660000 55.540000 -30.660000 55.540000 -30.660000 55.540000 0.0 0 
1.745329
 1 101 101 p_training_ground_3 Training_Field 2118743 0 0 3 0 0 0 0 0 61.580000 14.220000 61.580000 14.220000 61.580000 14.220000 0.0 0 
1.745329
 1 102 102 p_training_ground_4 Training_Field 2118743 0 0 3 0 0 0 0 0 8.510000 -83.370000 8.510000 -83.370000 8.510000 -83.370000 0.0 0 
1.745329
 1 103 103 p_training_ground_5 Training_Field 2118743 0 0 3 0 0 0 0 0 -11.320000 -39.360000 -11.320000 -39.360000 -11.320000 -39.360000 0.0 0 
1.745329
 1 104 104 p_bridge_1 1 541784 0 0 3 0 0 0 0 0 11.560000 59.890000 11.560000 59.890000 11.560000 59.890000 0.0 0 
1.570796
 1 105 105 p_bridge_2 2 541784 0 0 3 0 0 0 0 0 2.140000 34.130000 2.140000 34.130000 2.140000 34.130000 0.0 0 
1.117011
 1 106 106 p_bridge_3 3 541784 0 0 3 0 0 0 0 0 -42.260000 52.640000 -42.260000 52.640000 -42.260000 52.640000 0.0 0 
0.174533
 1 107 107 p_bridge_4 4 541784 0 0 3 0 0 0 0 0 -41.460000 50.050000 -41.460000 50.050000 -41.460000 50.050000 0.0 0 
1.570796
 1 108 108 p_bridge_5 5 541784 0 0 3 0 0 0 0 0 68.450000 30.370000 68.450000 30.370000 68.450000 30.370000 0.0 0 
2.356194
 1 109 109 p_bridge_6 6 541786 0 0 3 0 0 0 0 0 72.250000 39.010000 72.250000 39.010000 72.250000 39.010000 0.0 0 
2.094395
 1 110 110 p_bridge_7 7 541786 0 0 3 0 0 0 0 0 73.310000 35.210000 73.310000 35.210000 73.310000 35.210000 0.0 0 
1.308997
 1 111 111 p_bridge_8 8 541786 0 0 3 0 0 0 0 0 79.460000 21.190000 79.460000 21.190000 79.460000 21.190000 0.0 0 
0.959931
 1 112 112 p_bridge_9 9 541784 0 0 3 0 0 0 0 0 66.020000 44.890000 66.020000 44.890000 66.020000 44.890000 0.0 0 
1.047198
 1 113 113 p_bridge_10 10 541784 0 0 3 0 0 0 0 0 69.390000 45.400000 69.390000 45.400000 69.390000 45.400000 0.0 0 
0.610865
 1 114 114 p_bridge_11 11 541784 0 0 3 0 0 0 0 0 -57.440000 13.740000 -57.440000 13.740000 -57.440000 13.740000 0.0 0 
1.570796
 1 115 115 p_bridge_12 12 541785 0 0 3 0 0 0 0 0 -2.790000 63.480000 -2.790000 63.480000 -2.790000 63.480000 0.0 0 
2.356194
 1 116 116 p_bridge_13 13 541785 0 0 3 0 0 0 0 0 3.740000 55.730000 3.740000 55.730000 3.740000 55.730000 0.0 0 
1.570796
 1 117 117 p_bridge_14 14 541785 0 0 3 0 0 0 0 0 5.390000 55.150000 5.390000 55.150000 5.390000 55.150000 0.0 0 
1.308997
 1 118 118 p_bridge_15 15 541785 0 0 3 0 0 0 0 0 -26.980000 -2.090000 -26.980000 -2.090000 -26.980000 -2.090000 0.0 0 
0.261799
 1 119 119 p_looter_spawn_point looter_sp 1280 0 0 2 0 0 0 0 0 31.990000 78.700000 31.990000 78.700000 31.990000 78.700000 0.0 1 346 15 0 0 
0.000000
 1 120 120 p_steppe_bandit_spawn_point steppe_bandit_sp 1280 0 0 2 0 0 0 0 0 42.000000 -73.300000 42.000000 -73.300000 42.000000 -73.300000 0.0 1 346 15 0 0 
0.000000
 1 121 121 p_forest_bandit_spawn_point forest_bandit_sp 1280 0 0 2 0 0 0 0 0 -35.230000 1.850000 -35.230000 1.850000 -35.230000 1.850000 0.0 1 346 15 0 0 
0.000000
 1 122 122 p_mountain_bandit_spawn_point mountain_bandit_sp 1280 0 0 2 0 0 0 0 0 46.400000 22.400000 46.400000 22.400000 46.400000 22.400000 0.0 1 346 15 0 0 
0.000000
 1 123 123 p_sea_raider_spawn_point_1 sea_raider_sp 1280 0 0 2 0 0 0 0 0 -2.130000 -11.120000 -2.130000 -11.120000 -2.130000 -11.120000 0.0 1 346 15 0 0 
0.000000
 1 124 124 p_sea_raider_spawn_point_2 sea_raider_sp 1280 0 0 2 0 0 0 0 0 54.660000 42.450000 54.660000 42.450000 54.660000 42.450000 0.0 1 346 15 0 0 
0.000000
 1 125 125 p_gondor_test gondor_test_sp 1280 0 0 2 0 0 0 0 0 -2.400000 -11.400000 -2.400000 -11.400000 -2.400000 -11.400000 0.0 1 346 15 0 0 
0.000000
 1 126 126 p_mordor_test mordor_test_sp 1280 0 0 2 0 0 0 0 0 -2.200000 -11.100000 -2.200000 -11.100000 -2.200000 -11.100000 0.0 1 346 15 0 0 
0.000000
 1 127 127 p_gondor_allies_test gondor_allies_test_sp 1280 0 0 2 0 0 0 0 0 -2.400000 -11.200000 -2.400000 -11.200000 -2.400000 -11.200000 0.0 1 346 15 0 0 
0.000000
 1 128 128 p_isengard_test isengard_test_sp 1280 0 0 2 0 0 0 0 0 -2.200000 -11.200000 -2.200000 -11.200000 -2.200000 -11.200000 0.0 1 346 15 0 0 
0.000000
 1 129 129 p_isen_rohan isen_rohan_sp 1280 0 0 2 0 0 0 0 0 46.400000 -36.400000 46.400000 -36.400000 46.400000 -36.400000 0.0 1 346 15 0 0 
0.000000
 1 130 130 p_mordor_gondor mordor_gondor_sp 1280 0 0 2 0 0 0 0 0 41.400000 -31.400000 41.400000 -31.400000 41.400000 -31.400000 0.0 1 346 15 0 0 
0.000000
 1 131 131 p_harad_gondor harad_gondor_sp 1280 0 0 2 0 0 0 0 0 49.400000 -39.400000 49.400000 -39.400000 49.400000 -39.400000 0.0 1 346 15 0 0 
0.000000
 1 132 132 p_corsair_gondor corsair_gondor_sp 1280 0 0 2 0 0 0 0 0 -2.200000 -11.100000 -2.200000 -11.100000 -2.200000 -11.100000 0.0 1 346 15 0 0 
0.000000
 1 133 133 p_rhun_gondor rhun_gondor_sp 1280 0 0 2 0 0 0 0 0 -2.200000 -11.100000 -2.200000 -11.100000 -2.200000 -11.100000 0.0 1 346 15 0 0 
0.000000
 1 134 134 p_khand_gondor khand_gondor_sp 1280 0 0 2 0 0 0 0 0 -2.200000 -11.100000 -2.200000 -11.100000 -2.200000 -11.100000 0.0 1 346 15 0 0 
0.000000
 1 135 135 p_lorien_moria lorien_moria_sp 1280 0 0 2 0 0 0 0 0 -2.200000 -11.100000 -2.200000 -11.100000 -2.200000 -11.100000 0.0 1 346 15 0 0 
0.000000
 1 136 136 p_gunda_woodelves gunda_woodelves_sp 1280 0 0 2 0 0 0 0 0 -2.200000 -11.100000 -2.200000 -11.100000 -2.200000 -11.100000 0.0 1 346 15 0 0 
0.000000
 1 137 137 p_gunda_dwarves gunda_dwarves_sp 1280 0 0 2 0 0 0 0 0 -2.200000 -11.100000 -2.200000 -11.100000 -2.200000 -11.100000 0.0 1 346 15 0 0 
0.000000
 1 138 138 p_spawn_points_end last_spawn_point 1280 0 0 1 0 0 0 0 0 -3.050000 -3.610000 -3.050000 -3.610000 -3.050000 -3.610000 0.0 1 346 15 0 0 
0.000000
